lon: 114.356512, lat: 30.527558, height: 137.7, prtype: Пежа
lon: 114.328057, lat: 30.539578, height: 126.3, prtype: Пежа
