lon: 114.364256, lat: 30.515519, height: 47.8, prtype: µÿ√Ê
lon: 114.353609, lat: 30.520315, height: 164.6, prtype: ø’÷–
