lon: 114.339829, lat: 30.513313, height: 42.0, prtype: µÿ√Ê
lon: 114.348474, lat: 30.520095, height: 155.7, prtype: ø’÷–
